tab[1] = 17.640000 
tab[2] = 19.360000 
tab[3] = 21.160000 
tab[4] = 23.040000 
tab[5] = 25.000000 
tab[6] = 27.040000 
tab[7] = 29.160000 
tab[8] = 31.360000 
tab[9] = 33.640000 
tab[10] = 36.000000 
tab[11] = 38.440000 
tab[12] = 40.960000 
tab[13] = 43.560000 
tab[14] = 46.240000 
tab[15] = 49.000000 
tab[16] = 51.840000 
tab[17] = 54.760000 
tab[18] = 57.760000 
tab[19] = 60.840000 
tab[20] = 64.000000 
